0,0 0 0 0.19 0 D Read 0 + 4
0,0 0 0 0.9952 0 D Read 64 + 4
0,0 0 0 0.19885 0 D Read 128 + 4
0,0 0 0 0.29818 0 D Read 192 + 4
0,0 0 0 0.39751 0 D Read 256 + 4
0,0 0 0 0.49684 0 D Read 320 + 4
0,0 0 0 0.59617 0 D Read 384 + 4
0,0 0 0 0.69550 0 D Read 448 + 4
0,0 0 0 0.79483 0 D Read 512 + 4
0,0 0 0 0.89416 0 D Read 576 + 4
0,0 0 0 0.99349 0 D Read 640 + 4
0,0 0 0 0.109282 0 D Read 704 + 4
0,0 0 0 0.119215 0 D Read 768 + 4
0,0 0 0 0.129147 0 D Read 832 + 4
0,0 0 0 0.139081 0 D Read 896 + 4
0,0 0 0 0.149014 0 D Read 960 + 4
0,0 0 0 0.158947 0 D Read 1024 + 4
0,0 0 0 0.168880 0 D Read 1088 + 4
0,0 0 0 0.178813 0 D Read 1152 + 4
0,0 0 0 0.188746 0 D Read 1216 + 4
0,0 0 0 0.198679 0 D Read 1280 + 4
0,0 0 0 0.208612 0 D Read 1344 + 4
0,0 0 0 0.218545 0 D Read 1408 + 4
0,0 0 0 0.228478 0 D Read 1472 + 4
0,0 0 0 0.238411 0 D Read 1536 + 4
0,0 0 0 0.248344 0 D Read 1600 + 4
0,0 0 0 0.263788 0 D Read 1664 + 4
0,0 0 0 0.290254 0 D Read 1728 + 4
0,0 0 0 0.327742 0 D Read 1792 + 4
0,0 0 0 0.376252 0 D Read 1856 + 4
0,0 0 0 0.435784 0 D Read 1920 + 4
0,0 0 0 0.506337 0 D Read 1984 + 4
0,0 0 0 0.587914 0 D Read 2048 + 4
0,0 0 0 0.680512 0 D Read 2112 + 4
0,0 0 0 0.784132 0 D Read 2176 + 4
0,0 0 0 0.898774 0 D Read 2240 + 4
0,0 0 0 0.1024437 0 D Read 2304 + 4
0,0 0 0 0.1161124 0 D Read 2368 + 4
0,0 0 0 0.1308832 0 D Read 2432 + 4
0,0 0 0 0.1467562 0 D Read 2496 + 4
0,0 0 0 0.1637314 0 D Read 2560 + 4
0,0 0 0 0.1818088 0 D Read 2624 + 4
0,0 0 0 0.2009884 0 D Read 2688 + 4
0,0 0 0 0.2212702 0 D Read 2752 + 4
0,0 0 0 0.2426542 0 D Read 2816 + 4
0,0 0 0 0.2651404 0 D Read 2880 + 4
0,0 0 0 0.2887288 0 D Read 2944 + 4
0,0 0 0 0.3134194 0 D Read 3008 + 4
0,0 0 0 0.3392122 0 D Read 3072 + 4
0,0 0 0 0.3661072 0 D Read 3136 + 4
0,0 0 0 0.3941044 0 D Read 3200 + 4
0,0 0 0 0.3941133 0 D Read 3264 + 4
0,0 0 0 0.3941222 0 D Read 3328 + 4
0,0 0 0 0.3941311 0 D Read 3392 + 4
0,0 0 0 0.3941400 0 D Read 3456 + 4
0,0 0 0 0.3941489 0 D Read 3520 + 4
0,0 0 0 0.3941578 0 D Read 3584 + 4
0,0 0 0 0.3941667 0 D Read 3648 + 4
0,0 0 0 0.3941756 0 D Read 3712 + 4
0,0 0 0 0.3941845 0 D Read 3776 + 4
0,0 0 0 0.3941934 0 D Read 3840 + 4
0,0 0 0 0.3942023 0 D Read 3904 + 4
0,0 0 0 0.3942112 0 D Read 3968 + 4
0,0 0 0 0.3942201 0 D Read 4032 + 4
0,0 0 0 0.3942290 0 D Read 4096 + 4
0,0 0 0 0.3942379 0 D Read 4160 + 4
0,0 0 0 0.3942468 0 D Read 4224 + 4
0,0 0 0 0.3942557 0 D Read 4288 + 4
0,0 0 0 0.3942646 0 D Read 4352 + 4
0,0 0 0 0.3942735 0 D Read 4416 + 4
0,0 0 0 0.3942824 0 D Read 4480 + 4
0,0 0 0 0.3942913 0 D Read 4544 + 4
0,0 0 0 0.3943002 0 D Read 4608 + 4
0,0 0 0 0.3943091 0 D Read 4672 + 4
0,0 0 0 0.3943180 0 D Read 4736 + 4
0,0 0 0 0.3943269 0 D Read 4800 + 4
0,0 0 0 0.3943358 0 D Read 4864 + 4
0,0 0 0 0.3943447 0 D Read 4928 + 4
0,0 0 0 0.3943536 0 D Read 4992 + 4
0,0 0 0 0.3943625 0 D Read 5056 + 4
0,0 0 0 0.3943714 0 D Read 5120 + 4
0,0 0 0 0.3943803 0 D Read 5184 + 4
0,0 0 0 0.3943892 0 D Read 5248 + 4
0,0 0 0 0.3943981 0 D Read 5312 + 4
0,0 0 0 0.3944070 0 D Read 5376 + 4
0,0 0 0 0.3944159 0 D Read 5440 + 4
0,0 0 0 0.3944248 0 D Read 5504 + 4
0,0 0 0 0.3944337 0 D Read 5568 + 4
0,0 0 0 0.3944426 0 D Read 5632 + 4
0,0 0 0 0.3944515 0 D Read 5696 + 4
0,0 0 0 0.3944604 0 D Read 5760 + 4
0,0 0 0 0.3944693 0 D Read 5824 + 4
0,0 0 0 0.3944782 0 D Read 5888 + 4
0,0 0 0 0.3944871 0 D Read 5952 + 4
0,0 0 0 0.3944960 0 D Read 6016 + 4
0,0 0 0 0.3945049 0 D Read 6080 + 4
0,0 0 0 0.3945138 0 D Read 6144 + 4
0,0 0 0 0.3945227 0 D Read 6208 + 4
0,0 0 0 0.3945316 0 D Read 6272 + 4
0,0 0 0 0.3945405 0 D Read 6336 + 4
